42,35
10,121
10,229
10,143
10,189
10,295
10,203
10,30
10,2
10,3
9,7
8,18
8,5
8,14
8,7
8,2
8,3
29,4
29,3
29,2
29,1
29,0
20,3
20,2
20,1
19,3
19,2
19,1
12,3
12,2
12,1
11,28
11,27
11,26
11,25
11,24
11,23
11,22
11,21
11,20
11,19
11,18
11,17
11,15
11,14
11,13
11,12
11,11
11,10
11,9
11,8
11,7
11,6
11,5
11,4
11,3
11,2
11,1
10,302
10,301
10,299
10,298
10,294
10,286
10,283
10,263
10,260
10,248
10,246
10,241
10,237
18,1
10,233
18,3
10,228
14,1
10,225
14,3
13,1
10,222
10,220
13,3
10,212
10,211
10,209
10,207
10,204
10,202
10,196
10,194
10,188
10,184
10,181
10,179
10,178
2,2
2,1
10,177
